1.78E-02
1.19E-01
-4.29E-02
6.43E-02
9.81E-03
-1.94E-02
-4.60E-02
6.89E-03
2.89E-02
1.26E-02
2.56E-02
2.48E-02
-6.93E-03
6.27E-02
-2.58E-02
-1.06E-01
-7.73E-02
9.06E-02
-2.15E-02
-4.80E-02
-4.19E-02
-3.73E-02
-2.41E-02
-2.46E-02
-1.07E-02
7.45E-02
3.68E-03
6.40E-02
3.85E-02
1.68E-02
-2.93E-02
-2.30E-02
-1.18E-02
-6.30E-02
1.07E-01
4.94E-02
-3.39E-02
-4.89E-02
-7.58E-03
3.77E-02
-1.35E-02
-6.44E-02
-4.56E-02
-1.40E-03
5.81E-02
-2.47E-03
4.61E-02
-2.61E-02
-1.32E-03
6.96E-03
-8.20E-02
-1.00E-01
4.65E-02
3.19E-02
1.11E-01
6.23E-02
5.86E-02
6.44E-02
1.36E-01
1.42E-01
1.72E-01
2.39E-01
1.84E-01
8.05E-02
1.85E-01
2.65E-01
1.53E-01
2.13E-01
1.51E-01
2.57E-01
2.26E-01
1.83E-01
3.01E-01
3.91E-01
3.28E-01
2.98E-01
4.73E-01
2.96E-01
3.96E-01
3.90E-01
4.00E-01
3.77E-01
3.16E-01
4.29E-01
4.17E-01
3.46E-01
5.68E-01
5.16E-01
4.50E-01
4.02E-01
4.38E-01
4.64E-01
4.89E-01
4.57E-01
4.65E-01
4.94E-01
4.84E-01
5.97E-01
5.03E-01
5.90E-01
6.76E-01
5.30E-01
6.12E-01
5.66E-01
5.94E-01
5.46E-01
7.12E-01
6.38E-01
6.36E-01
6.52E-01
6.53E-01
6.17E-01
6.72E-01
7.40E-01
8.02E-01
7.08E-01
5.92E-01
7.93E-01
7.24E-01
8.06E-01
7.95E-01
7.49E-01
7.22E-01
8.41E-01
7.39E-01
7.56E-01
8.46E-01
8.23E-01
7.33E-01
8.11E-01
8.21E-01
8.29E-01
8.61E-01
7.81E-01
8.37E-01
7.96E-01
9.12E-01
9.41E-01
8.78E-01
9.14E-01
9.38E-01
9.34E-01
9.47E-01
9.14E-01
9.53E-01
8.75E-01
9.71E-01
1.01E+00
9.51E-01
9.67E-01
1.07E+00
9.70E-01
9.96E-01
1.03E+00
9.57E-01
1.02E+00
1.07E+00
1.04E+00
1.04E+00
9.52E-01
9.83E-01
9.43E-01
1.00E+00
1.07E+00
1.06E+00
1.02E+00
1.20E+00
1.05E+00
1.09E+00
1.10E+00
1.11E+00
1.15E+00
1.00E+00
1.04E+00
1.04E+00
1.15E+00
1.14E+00
1.14E+00
1.15E+00
1.21E+00
1.14E+00
1.08E+00
1.12E+00
1.12E+00
1.11E+00
1.19E+00
1.11E+00
1.18E+00
1.27E+00
1.15E+00
1.19E+00
1.17E+00
1.17E+00
1.30E+00
1.20E+00
1.18E+00
1.19E+00
1.21E+00
1.26E+00
1.22E+00
1.32E+00
1.26E+00
1.29E+00
1.22E+00
1.26E+00
1.30E+00
1.25E+00
1.26E+00
1.30E+00
1.30E+00
1.25E+00
1.33E+00
1.39E+00
1.41E+00
1.25E+00
1.41E+00
1.42E+00
1.36E+00
1.30E+00
1.38E+00
1.36E+00
1.30E+00
1.34E+00
1.35E+00
1.41E+00
1.38E+00
1.33E+00
1.44E+00
1.45E+00
1.40E+00
1.43E+00
1.42E+00
1.41E+00
1.32E+00
1.47E+00
1.37E+00
1.41E+00
1.46E+00
1.49E+00
1.36E+00
1.42E+00
1.37E+00
1.51E+00
1.44E+00
1.42E+00
1.35E+00
1.39E+00
1.43E+00
1.54E+00
1.46E+00
1.46E+00
1.49E+00
1.47E+00
1.49E+00
1.52E+00
1.49E+00
1.53E+00
1.49E+00
1.47E+00
1.56E+00
1.52E+00
1.47E+00
1.47E+00
1.61E+00
1.54E+00
1.40E+00
1.51E+00
1.58E+00
1.55E+00
1.50E+00
1.55E+00
1.43E+00
1.58E+00
1.60E+00
1.52E+00
1.57E+00
1.64E+00
1.54E+00
1.60E+00
1.57E+00
1.58E+00
1.70E+00
1.65E+00
1.54E+00
1.53E+00
1.51E+00
1.61E+00
1.67E+00
1.56E+00
1.57E+00
1.64E+00
1.63E+00
1.65E+00
1.64E+00
1.60E+00
1.59E+00
1.58E+00
1.62E+00
1.58E+00
1.62E+00
1.59E+00
1.57E+00
1.65E+00
1.67E+00
1.75E+00
1.69E+00
1.57E+00
1.67E+00
1.55E+00
1.63E+00
1.64E+00
1.66E+00
1.68E+00
1.68E+00
1.64E+00
1.69E+00
1.66E+00
1.63E+00
1.66E+00
1.57E+00
1.71E+00
1.67E+00
1.74E+00
1.67E+00
1.55E+00
1.73E+00
1.68E+00
1.76E+00
1.71E+00
1.63E+00
1.64E+00
1.71E+00
1.74E+00
1.69E+00
1.69E+00
1.69E+00
1.66E+00
1.76E+00
1.68E+00
1.67E+00
1.65E+00
1.77E+00
1.69E+00
1.68E+00
1.70E+00
1.68E+00
1.71E+00
1.70E+00
1.69E+00
1.71E+00
1.77E+00
1.64E+00
1.74E+00
1.67E+00
1.56E+00
1.73E+00
1.78E+00
1.79E+00
1.79E+00
1.76E+00
1.68E+00
1.80E+00
1.69E+00
1.74E+00
1.75E+00
1.70E+00
1.73E+00
1.70E+00
1.87E+00
1.71E+00
1.76E+00
1.74E+00
1.74E+00
1.75E+00
1.78E+00
1.81E+00
1.67E+00
1.78E+00
1.79E+00
1.74E+00
1.67E+00
1.88E+00
1.75E+00
1.82E+00
1.78E+00
1.82E+00
1.77E+00
1.78E+00
1.81E+00
1.81E+00
1.82E+00
1.75E+00
1.82E+00
1.78E+00
1.71E+00
1.80E+00
1.84E+00
1.83E+00
1.82E+00
1.83E+00
1.81E+00
1.87E+00
1.87E+00
1.78E+00
1.77E+00
1.79E+00
1.79E+00
1.74E+00
1.81E+00
1.83E+00
1.83E+00
1.90E+00
1.82E+00
1.82E+00
1.84E+00
1.79E+00
1.85E+00
1.90E+00
1.88E+00
1.89E+00
1.83E+00
1.77E+00
1.74E+00
1.86E+00
1.87E+00
1.81E+00
1.85E+00
1.79E+00
1.81E+00
1.91E+00
1.88E+00
1.79E+00
1.86E+00
1.74E+00
1.86E+00
1.87E+00
1.80E+00
1.76E+00
1.91E+00
1.93E+00
1.84E+00
1.82E+00
1.79E+00
1.88E+00
1.84E+00
1.78E+00
1.83E+00
1.89E+00
1.85E+00
1.87E+00
1.82E+00
1.84E+00
1.91E+00
1.86E+00
1.90E+00
1.90E+00
1.87E+00
1.91E+00
1.89E+00
1.82E+00
1.93E+00
1.84E+00
1.77E+00
1.91E+00
1.83E+00
1.95E+00
1.80E+00
1.78E+00
1.84E+00
1.84E+00
1.88E+00
1.92E+00
1.93E+00
1.83E+00
1.87E+00
1.84E+00
1.93E+00
1.94E+00
1.91E+00
1.81E+00
1.88E+00
1.93E+00
1.89E+00
1.88E+00
1.90E+00
1.95E+00
1.90E+00
1.82E+00
1.80E+00
1.88E+00
1.94E+00
1.92E+00
1.90E+00
1.85E+00
1.93E+00
1.87E+00
1.85E+00
1.89E+00
1.86E+00
1.89E+00
1.96E+00
1.86E+00
1.83E+00
1.86E+00
1.91E+00
2.00E+00
1.94E+00
1.90E+00
1.93E+00
1.95E+00
1.93E+00
1.86E+00
1.99E+00
1.85E+00
1.90E+00
1.84E+00
1.93E+00
1.90E+00
1.90E+00
1.97E+00
1.86E+00
2.01E+00
1.96E+00
1.92E+00
1.88E+00
1.96E+00
1.93E+00
1.91E+00
1.99E+00
1.97E+00
1.89E+00
1.99E+00
1.90E+00
1.84E+00
1.90E+00
1.94E+00
1.92E+00
1.88E+00
1.84E+00
1.95E+00
1.91E+00
1.91E+00
1.84E+00
1.98E+00
1.92E+00
1.99E+00
1.88E+00
1.97E+00
1.88E+00
1.83E+00
1.92E+00
1.92E+00
1.95E+00
1.94E+00
1.99E+00
1.94E+00
1.93E+00
1.84E+00
1.90E+00
1.93E+00
1.94E+00
1.86E+00
1.99E+00
1.98E+00
1.88E+00
1.84E+00
1.96E+00
1.93E+00
1.93E+00
1.87E+00
2.05E+00
1.90E+00
1.94E+00
1.89E+00
1.82E+00
1.91E+00
1.96E+00
1.89E+00
1.91E+00
1.93E+00
1.98E+00
1.96E+00
1.98E+00
1.97E+00
1.91E+00
2.02E+00
1.98E+00
1.86E+00
1.99E+00
1.88E+00
2.00E+00
1.95E+00
1.96E+00
1.97E+00
2.00E+00
1.93E+00
1.91E+00
2.01E+00
1.98E+00
1.86E+00
1.95E+00
1.94E+00
1.90E+00
1.92E+00
1.99E+00
2.06E+00
2.00E+00
1.92E+00
1.94E+00
1.94E+00
1.95E+00
1.94E+00
1.92E+00
1.94E+00
1.92E+00
2.02E+00
1.98E+00
1.99E+00
1.95E+00
1.94E+00
1.99E+00
1.89E+00
2.05E+00
2.02E+00
2.05E+00
1.96E+00
2.00E+00
1.88E+00
1.90E+00
1.95E+00
1.90E+00
1.93E+00
1.97E+00
1.96E+00
1.94E+00
1.86E+00
1.93E+00
1.90E+00
1.96E+00
1.92E+00
2.01E+00
1.95E+00
1.99E+00
1.97E+00
1.99E+00
1.89E+00
1.99E+00
1.94E+00
1.90E+00
1.97E+00
1.90E+00
2.02E+00
1.90E+00
2.00E+00
2.03E+00
1.99E+00
1.87E+00
1.92E+00
2.03E+00
1.99E+00
2.04E+00
2.00E+00
2.02E+00
2.00E+00
1.95E+00
1.99E+00
1.98E+00
2.05E+00
2.01E+00
1.91E+00
2.03E+00
1.98E+00
1.99E+00
1.98E+00
2.01E+00
2.00E+00
1.93E+00
1.91E+00
1.97E+00
2.03E+00
2.04E+00
1.96E+00
1.98E+00
2.02E+00
1.96E+00
1.96E+00
1.98E+00
1.97E+00
1.97E+00
2.01E+00
1.97E+00
2.00E+00
2.01E+00
1.86E+00
1.98E+00
1.99E+00
2.08E+00
2.00E+00
1.95E+00
1.92E+00
2.05E+00
1.97E+00
1.86E+00
2.00E+00
1.95E+00
2.05E+00
1.98E+00
1.95E+00
1.88E+00
1.96E+00
1.90E+00
1.90E+00
2.05E+00
1.98E+00
1.93E+00
1.99E+00
1.97E+00
2.03E+00
1.88E+00
2.02E+00
2.02E+00
1.99E+00
1.97E+00
1.94E+00
1.96E+00
2.01E+00
1.97E+00
1.93E+00
1.96E+00
2.01E+00
2.01E+00
1.91E+00
1.96E+00
1.99E+00
2.00E+00
1.96E+00
2.05E+00
1.95E+00
1.96E+00
1.99E+00
2.01E+00
1.96E+00
1.99E+00
1.93E+00
1.98E+00
2.03E+00
2.02E+00
1.99E+00
2.10E+00
1.97E+00
1.94E+00
1.99E+00
1.95E+00
1.97E+00
2.02E+00
1.89E+00
2.03E+00
1.83E+00
1.95E+00
2.07E+00
1.98E+00
1.94E+00
2.03E+00
2.00E+00
1.99E+00
2.00E+00
2.00E+00
2.05E+00
2.01E+00
2.17E+00
2.02E+00
2.05E+00
1.93E+00
1.99E+00
1.97E+00
1.99E+00
1.96E+00
1.94E+00
2.05E+00
2.05E+00
1.99E+00
2.00E+00
2.03E+00
2.02E+00
1.96E+00
1.87E+00
1.97E+00
1.92E+00
1.96E+00
2.18E+00
1.94E+00
1.92E+00
1.99E+00
1.89E+00
1.94E+00
2.01E+00
2.00E+00
2.03E+00
1.90E+00
2.06E+00
2.02E+00
2.09E+00
1.95E+00
1.95E+00
1.92E+00
1.99E+00
1.88E+00
2.02E+00
1.97E+00
1.98E+00
1.99E+00
2.02E+00
1.90E+00
2.00E+00
2.00E+00
1.96E+00
1.97E+00
1.92E+00
2.00E+00
1.94E+00
1.98E+00
1.93E+00
1.99E+00
1.91E+00
1.97E+00
2.05E+00
2.01E+00
2.01E+00
1.97E+00
2.05E+00
2.04E+00
2.05E+00
1.98E+00
2.03E+00
2.06E+00
1.98E+00
1.95E+00
2.05E+00
2.02E+00
2.00E+00
1.93E+00
1.98E+00
2.04E+00
1.97E+00
2.01E+00
2.00E+00
2.03E+00
1.93E+00
2.04E+00
2.01E+00
1.99E+00
2.00E+00
1.94E+00
1.99E+00
1.96E+00
2.02E+00
1.97E+00
2.06E+00
2.00E+00
2.00E+00
1.95E+00
2.06E+00
2.05E+00
1.99E+00
2.01E+00
2.10E+00
1.99E+00
1.97E+00
1.97E+00
2.08E+00
2.00E+00
2.01E+00
2.01E+00
2.01E+00
1.90E+00
1.92E+00
1.98E+00
2.01E+00
1.97E+00
1.95E+00
1.91E+00
2.00E+00
2.12E+00
2.00E+00
1.92E+00
1.99E+00
1.98E+00
2.01E+00
2.05E+00
2.00E+00
2.02E+00
1.98E+00
1.97E+00
1.95E+00
2.07E+00
2.04E+00
1.96E+00
1.93E+00
2.08E+00
1.93E+00
1.98E+00
1.98E+00
2.03E+00
2.04E+00
2.02E+00
1.94E+00
2.03E+00
1.95E+00
1.99E+00
2.07E+00
2.02E+00
1.94E+00
2.02E+00
2.03E+00
1.95E+00
1.99E+00
2.04E+00
2.05E+00
1.98E+00
2.04E+00
2.07E+00
1.87E+00
1.94E+00
1.98E+00
1.93E+00
1.93E+00
1.94E+00
2.00E+00
1.96E+00
1.96E+00
1.99E+00
2.12E+00
2.06E+00
1.98E+00
2.03E+00
2.05E+00
2.01E+00
1.94E+00
2.11E+00
1.97E+00
2.01E+00
2.02E+00
2.02E+00
1.95E+00
2.01E+00
2.02E+00
1.95E+00
1.99E+00
2.02E+00
1.97E+00
1.95E+00
1.98E+00
2.01E+00
1.93E+00
1.95E+00
1.94E+00
2.06E+00
2.01E+00
2.03E+00
2.06E+00
1.93E+00
1.97E+00
2.04E+00
1.98E+00
2.11E+00
1.96E+00
1.87E+00
1.97E+00
2.13E+00
2.07E+00
1.97E+00
2.11E+00
2.02E+00
2.03E+00
2.00E+00
2.06E+00
1.98E+00
1.95E+00
1.99E+00
1.95E+00
2.00E+00
2.03E+00
1.96E+00
1.89E+00
2.16E+00
1.96E+00
1.96E+00
1.91E+00
2.07E+00
1.88E+00
2.04E+00
2.01E+00
2.06E+00
1.99E+00
2.04E+00
2.01E+00
2.01E+00
1.98E+00
1.99E+00
1.92E+00
2.02E+00
